ARIMA | p=0 d=2 q=2 | ma1=0.1 ma2=0.407
-0.265916 -0.467331 -0.294933 -0.817480 -2.430149 -4.289116 -5.735059 -7.042485 -8.334721 -8.721222 -8.043450 -4.514612 -0.004226 6.396353 12.993609 19.820230 27.576663 34.330848 40.667685 46.692868 54.445456 62.322299 70.959650 78.453736 85.451021 91.674523 98.831586 105.677592 113.593788 121.481702 128.909894 134.805583 139.870607 144.025862 148.065018 152.012547 155.672091 160.180607 164.562505 169.110021 172.485575 176.159035 178.161305 179.328552 179.549491 178.809196 176.766353 174.526000 171.844907 168.867448 165.152216 159.943156 154.467317 148.295411 144.063884 142.647651 140.252025 137.923442 135.230954 131.369662 127.838937 124.394018 121.303232 118.013094 114.128467 108.159608 103.218817 96.452831 90.722083 84.286868 79.366752 74.160360 69.584099 65.476387 61.609619 60.155758 59.880330 59.552279 58.829114 57.760941 54.625172 51.580699 46.851795 41.233313 36.450087 30.082970 23.091938 15.050502 6.931515 -2.853199 -12.041130 -19.668320 -26.421359 -31.771756 -37.656838 -45.330994 -53.749188 -63.479418 -72.963105 -84.252790

ARIMA | p=2 d=0 q=2 | ar1=0.999 ar2=0.062 | ma1=0.586 ma2=0.567
0.268235 1.099411 0.838454 -0.011785 0.355887 -0.358958 0.726235 -0.909262 -1.693623 -2.943045 -5.510649 -7.610272 -10.522094 -11.367512 -11.379125 -10.279317 -9.195978 -8.702639 -8.475737 -9.555684 -9.344882 -10.508670 -10.036630 -10.270923 -9.730378 -10.546578 -11.694216 -13.081670 -13.186335 -12.813462 -13.099104 -13.452097 -12.485151 -12.880638 -13.679127 -13.794136 -14.760662 -13.856935 -16.404649 -17.559730 -19.687678 -21.809759 -24.169482 -26.459391 -27.269271 -27.239478 -26.752851 -27.954657 -29.629095 -32.903669 -36.622799 -39.228960 -39.666330 -38.854044 -39.323327 -40.619241 -42.220138 -43.214427 -45.382265 -48.497733 -52.176593 -54.387577 -55.724212 -55.946543 -57.852262 -60.819732 -64.529175 -68.451703 -73.373843 -78.935998 -84.779677 -89.229481 -92.791037 -97.395226 -102.396891 -109.005403 -115.041972 -122.940531 -130.759602 -139.719657 -146.902276 -156.027747 -165.334788 -176.332379 -186.656046 -196.259119 -206.464276 -219.758935 -234.058318 -248.878977 -261.645282 -274.916690 -289.559689 -305.429072 -322.141874 -341.099519 -361.418931 -381.307160 -402.724637 -424.996435

ARIMA | p=1 d=2 q=0 | ar1=0.531
-1.361067 -3.591052 -6.430490 -9.399982 -13.104010 -16.721591 -19.990217 -21.424998 -21.006646 -19.914474 -16.525549 -12.418450 -9.529915 -7.890293 -7.235798 -6.181512 -4.834317 -3.860838 -3.347955 -3.834621 -6.377406 -10.227378 -12.551436 -14.491169 -15.320965 -15.560180 -12.399113 -6.774309 1.446939 12.072013 24.848459 38.226272 50.900546 62.783483 74.171251 86.212629 97.925155 109.566088 120.989833 132.901232 145.176735 158.364943 172.469932 186.285162 201.018202 216.800419 232.089270 248.114205 264.063633 281.126950 297.025000 312.163323 327.179283 342.649503 358.352173 374.236087 391.844782 410.700348 429.872606 450.938226 474.769225 500.044794 526.500959 552.495148 576.164088 598.663022 619.412279 639.592664 657.170486 673.712638 688.582348 701.983574 714.319478 726.307354 739.444312 753.558034 769.075459 782.669962 794.338000 803.875857 811.500401 818.609182 826.583988 834.615036 843.361562 851.311862 857.222674 862.129219 864.589326 865.470160 865.425829 864.628088 862.661619 859.767321 855.230092 848.952091 841.668440 836.370910 832.269593 828.601555

ARIMA | p=2 d=2 q=2 | ar1=0.996 ar2=0.737 | ma1=0.819 ma2=0.582
-1.308171 -7.154961 -21.432103 -47.025171 -89.019556 -154.094238 -252.905245 -400.167028 -619.172166 -944.245275 -1426.530244 -2141.711536 -3202.343253 -4777.118294 -7118.655339 -10602.538946 -15788.874273 -23512.492601 -35018.097083 -52159.335821 -77699.579619 -115755.921978 -172466.263623 -256976.652751 -382920.389745 -570618.868025 -850361.185167 -1267292.884176 -1888701.583037 -2814877.680841 -4195303.375602 -6252776.736316 -9319372.560289 -13890038.683325 -20702482.425642 -30856235.841448 -45990121.557692 -68546762.425042 -102166825.307335 -152276628.781289 -226963957.987371 -338283443.087598 -504202192.141197 -751499708.151287 -1120090134.445914 -1669464452.320595 -2488292401.625097 -3708733894.883307 -5527769802.954868 -8238994928.563558 -12280004599.236130 -18303023131.670380 -27280173701.657494 -40660380311.600430 -60603226047.959160 -90327512653.082980 -134630779397.507460 -200663632280.076420 -299083861318.774800 -445776621994.065800 -664418320404.806200 -990298016615.193400 -1476013125743.030300 -2199958710514.517000 -3278980548346.253000 -4887234194774.307000 -7284293921068.795000 -10857048345846.496000 -16182144771176.016000 -24119060821838.344000 -35948825273736.740000 -53580777797134.950000 -79860738911456.280000 -119030329191032.500000 -177411572450713.880000 -264427278773371.200000 -394121898553088.500000 -587428315413449.800000 -875546441383986.800000 -1304978924076694.500000 -1945036735678884.800000 -2899026055779159.000000 -4320922025749814.000000 -6440220540754456.000000 -9598979191567420.000000 -14307025813335520.000000 -21324245374265668.000000 -31783226417195152.000000 -47372062352358408.000000 -70606811972420008.000000 -105237594678216640.000000 -156853864723175456.000000 -233786556542126528.000000 -348452708616936450.000000 -519359589954014080.000000 -774091797844878340.000000 -1153763448449605120.000000 -1719654049667480060.000000 -2563099094976166900.000000 -3820231733201193000.000000

ARIMA | p=2 d=0 q=0 | ar1=0.727 ar2=0.132
-0.468105 -0.432754 0.941442 -0.182297 0.790524 1.489386 0.429326 0.150799 2.285873 2.012937 0.812773 1.755619 1.098782 1.386889 1.931582 1.821219 2.434371 1.052087 0.844498 -1.022454 -0.466040 0.203290 0.519317 0.087463 0.246674 1.164123 -1.287559 -0.743034 -1.687229 -1.620179 -1.453606 -1.685792 -1.223982 -1.305843 -1.219039 -1.729211 -1.278071 -1.511916 -0.251293 -1.287520 -0.910304 -1.172472 -0.431878 -0.593138 0.401910 0.067783 -0.049346 0.933241 1.245964 2.489269 0.429964 -0.887726 1.541587 -0.233356 -0.748596 -1.095396 -0.948616 -0.916590 -0.807169 -1.074190 -0.589142 0.112530 1.956827 3.287451 1.875163 0.292491 -0.357340 -0.361970 0.695158 2.557728 1.804371 2.583506 0.831780 1.082711 1.038862 0.477345 -0.426812 0.939595 0.618778 0.985507 0.896122 1.322894 0.857313 -0.113098 -0.180602 -1.972937 -2.361646 -0.749720 0.238971 0.106486 1.773224 1.311411 2.798687 2.442814 1.108432 0.709306 0.818873 -1.191874 -0.256355 -2.096596

ARIMA | p=1 d=2 q=1 | ar1=0.67 | ma1=0.21
1.256912 2.894884 4.957102 5.981235 4.874942 3.746991 2.800617 1.784548 0.236274 -1.159714 -0.816027 0.729081 3.380660 7.748666 12.543643 16.605758 19.587622 20.813524 22.187602 22.420947 20.889666 19.036526 15.877056 10.819886 5.531211 1.090650 -1.773712 -2.709263 -1.021415 3.295570 9.108756 16.924427 26.292481 36.798103 48.041513 60.097523 73.902061 88.153956 102.522615 117.477552 133.035759 148.629214 164.454695 180.149864 194.758358 207.806087 219.300365 226.262633 228.749037 229.517017 229.878093 230.940763 231.453224 231.941024 233.174870 235.583387 238.948993 242.859953 248.319118 253.705030 259.777433 267.186557 275.578403 285.624640 297.122730 309.725171 320.582797 330.090604 338.595244 347.546854 356.372464 365.064056 374.435800 385.460938 398.026363 412.154320 426.777363 439.895163 451.781158 462.508944 473.193982 483.762358 494.021101 505.341664 517.046653 528.459331 539.765003 551.650113 563.889364 576.924698 590.349422 603.219535 614.312315 624.435753 634.708175 645.804096 657.379042 668.845075 678.006294 687.532516

ARIMA | p=0 d=0 q=2 | ma1=0.558 ma2=0.44
-0.449558 -1.205539 0.447346 -1.118657 -0.920859 0.685070 -0.836502 0.672518 -0.296315 0.318548 0.521608 0.673711 0.326268 1.007673 0.063024 2.076252 -1.045825 0.507971 -1.121654 -1.251828 -1.460471 0.612088 1.489143 0.187975 -2.675225 -1.861951 -2.132902 -2.142232 -1.836167 -1.764008 -0.220458 -1.285075 0.441578 0.739757 -0.351259 -1.171243 -1.109557 -0.404665 1.502645 2.300056 1.916231 1.056405 -0.090110 -0.421771 0.178408 -0.368285 0.220656 -0.551174 -1.182575 -0.497283 -0.087577 0.894097 0.424663 -1.619330 -0.068706 0.042382 1.387927 0.982499 0.278628 -0.418609 -1.179654 0.872958 1.474030 1.517137 2.026474 1.090546 2.156083 1.621575 0.540096 0.490033 0.106135 -0.053478 -0.754130 -1.520287 -0.633642 -0.729165 -1.036813 -0.245815 -1.215051 -1.253682 -0.561880 1.650168 1.999146 1.694277 1.928816 -0.006103 -0.401589 -0.133383 0.437834 1.931436 0.204417 -0.297603 -1.323023 -1.814890 -0.805411 -0.084085 0.447481 1.046103 0.557251 -1.250916

ARIMA | p=1 d=1 q=1 | ar1=0.13 | ma1=0.402
-0.229483 -0.656179 -0.352871 -0.376347 -1.120125 -0.841711 -0.245052 -1.040566 -0.643816 0.185550 -0.732991 -1.341693 -1.296552 -1.296491 -0.730982 -0.225778 -0.833112 0.041484 0.116198 1.340751 3.328295 3.874148 5.256816 6.449418 8.127752 10.720289 13.066352 13.543439 14.201053 14.556997 13.582797 12.209619 10.955044 7.419621 5.590723 6.696086 7.472816 6.528298 6.079260 5.265529 4.989087 3.954134 3.595953 3.419625 3.692859 4.349433 3.490521 2.755094 4.265595 5.259718 4.141178 3.356079 3.326388 2.950384 2.343463 2.602461 2.411938 2.189557 2.292932 1.331156 0.467059 0.386135 -1.092736 -1.942645 -2.699798 -4.281098 -5.677885 -4.423010 -2.727724 -1.500522 -3.070768 -3.804665 -3.739448 -1.454405 -1.175525 -0.376757 0.211142 -0.445009 -0.083055 0.326097 0.228801 0.210354 0.527208 -1.107567 -1.002011 -0.011070 -1.418260 -1.851641 -0.588290 1.380817 3.949609 5.417671 5.651726 5.604888 4.940159 4.496774 5.018638 4.393418 5.764714 6.683961

ARIMA | p=2 d=2 q=2 | ar1=0.716 ar2=0.669 | ma1=0.76 ma2=0.349
-1.762119 -5.819658 -11.434845 -18.851591 -28.358309 -41.402888 -58.420142 -81.011163 -109.914954 -145.520718 -189.082236 -243.320113 -309.909007 -392.837498 -494.784097 -621.020930 -777.751268 -974.147808 -1220.263721 -1528.067886 -1912.544046 -2392.794137 -2992.682155 -3742.096490 -4678.878828 -5850.211906 -7314.584875 -9144.486384 -11429.959806 -14284.270002 -17851.046696 -22310.432306 -27887.117824 -34861.232995 -43584.359933 -54496.988962 -68148.314844 -85225.002316 -106585.216213 -133301.048974 -166715.389549 -208508.953606 -260784.097679 -326168.511592 -407948.887398 -510238.758778 -638181.781106 -798213.927982 -998384.088162 -1248760.332331 -1561936.442657 -1953663.906707 -2443646.905096 -3056532.108852 -3823147.723739 -4782054.961014 -5981486.960030 -7481775.800972 -9358389.429393 -11705725.319488 -14641860.617045 -18314488.105493 -22908349.527571 -28654528.276145 -35842073.262372 -44832537.295530 -56078166.545116 -70144647.189174 -87739564.842373 -109747993.882310 -137277022.356013 -171711438.937257 -214783394.918968 -268659533.356943 -336049980.249408 -420344671.083312 -525783874.366592 -657671488.331210 -822641843.485290 -1028993426.765933 -1287106322.358047 -1609964358.919383 -2013808235.770661 -2518952474.995169 -3150807301.176903 -3941156850.737519 -4929758005.355607 -6166340278.797274 -7713107357.064178 -9647866122.705725 -12067940568.538704 -15095067479.659878 -18881520147.437280 -23617768156.537650 -29542058558.697410 -36952400395.886010 -46221555422.077324 -57815789102.106415 -72318325120.040590 -90458683230.868670

ARIMA | p=0 d=1 q=1 | ma1=0.92
-0.113815 -1.013662 -1.982912 -1.329329 0.115367 -1.772428 -2.556587 -0.898782 -0.028443 0.992927 2.022291 2.753607 2.835605 4.752753 6.477128 5.308411 3.204276 0.609606 -2.037235 -3.231575 -3.705778 -4.544720 -5.176980 -5.602769 -5.070079 -2.424439 -2.142062 -4.256090 -4.317202 -2.979487 -2.489358 -2.295574 -0.245210 1.864247 3.138713 3.556840 2.979017 1.938722 -0.353391 -2.658355 -3.572984 -3.930282 -3.060052 -2.287926 -0.969427 -0.688546 -2.692988 -2.390849 -1.887526 -1.858118 -1.750865 -1.804345 -0.294961 0.313421 1.143561 1.099954 0.046295 0.071231 1.098929 3.116187 4.891019 4.504086 1.400058 0.248286 -0.600510 -1.329473 0.166266 3.170174 5.551435 4.549695 2.534070 2.190185 1.419534 0.661658 0.552108 -0.391317 -1.066367 -1.099778 -0.600961 -1.048372 -0.498856 1.117989 2.511241 3.788435 2.811569 2.405129 4.333730 5.082723 5.083689 6.115926 6.125863 5.587668 6.781189 7.638367 6.656276 6.160588 5.848790 6.068794 7.006620 8.186903

ARIMA | p=1 d=1 q=1 | ar1=0.089 | ma1=0.573
2.517287 2.842459 2.166838 2.126122 3.112035 2.318045 0.709786 0.000241 -0.994195 -1.762361 -1.412823 -1.847578 -2.435894 -2.720638 -3.852667 -4.730028 -4.319878 -3.740140 -4.527186 -2.651145 -2.226796 -3.134846 -4.183070 -5.851901 -7.365335 -8.714466 -9.390731 -9.141550 -7.727559 -6.526522 -6.144529 -5.238945 -4.459842 -4.456559 -5.305677 -5.155322 -3.936601 -3.591986 -4.009206 -3.907459 -4.607297 -4.965823 -3.800693 -3.071082 -2.223120 -1.173892 -1.077056 -2.157168 -1.056960 -0.029135 1.242289 2.310227 2.360359 4.155406 4.222942 4.659822 5.971150 6.361586 7.842367 7.709010 6.857049 7.981029 9.772604 9.135074 7.485143 6.829288 5.287977 4.482943 3.894103 3.884754 5.891313 6.798109 6.525039 6.097433 7.436676 7.488737 7.374156 6.987612 6.363870 7.266270 8.490651 7.678397 6.945899 6.338754 5.839719 5.349022 6.367095 6.348348 6.454398 7.636648 10.017666 10.329828 9.562393 7.713944 5.900636 3.870356 3.946180 4.935375 4.581249 2.614200

ARIMA | p=1 d=1 q=1 | ar1=0.372 | ma1=0.873
-0.413464 -0.308692 1.403188 4.853636 6.372098 5.405213 4.429444 4.595172 4.098895 1.762873 0.702386 2.176191 4.861247 6.570887 6.887847 6.638405 6.839439 6.397732 5.353449 2.954605 -0.100641 -2.116932 -4.593562 -6.457145 -6.589829 -5.502722 -4.502771 -2.921547 -1.023460 1.008767 2.481164 2.671606 3.080106 3.881637 2.350908 -0.247639 -0.218885 2.559694 7.990071 11.786361 12.647428 13.169139 14.133735 15.015753 15.759091 15.678590 14.355160 13.272054 12.946018 11.981445 11.426768 11.483527 10.929418 10.743362 12.587813 15.139797 16.202842 17.001884 18.462479 19.606678 19.743455 18.581062 16.737423 16.645430 17.434617 18.565245 19.102493 17.900600 17.022662 16.693361 16.705091 15.536078 15.600004 16.514217 15.918098 14.469630 11.514312 8.720168 7.490412 8.208924 11.406419 14.835409 17.839205 19.991645 22.660241 24.641524 24.641202 23.432949 21.608739 20.154558 19.920867 21.005332 21.498406 21.808466 21.846092 21.976384 24.072671 26.738757 27.504613 27.722012

ARIMA | p=2 d=2 q=2 | ar1=0.405 ar2=0.995 | ma1=0.359 ma2=0.46
-0.738273 -3.636520 -8.516320 -19.043527 -31.970994 -51.555729 -75.760995 -109.386041 -153.634813 -212.603806 -288.216022 -384.184392 -506.060564 -658.774798 -850.765215 -1089.462704 -1386.374250 -1752.185129 -2202.722377 -2754.024592 -3430.647663 -4256.002835 -5266.428841 -6498.765800 -8004.170030 -9841.930008 -12085.798166 -14824.513731 -18166.508945 -22244.458273 -27221.507230 -33293.767258 -40706.578621 -49752.998637 -60797.900222 -74277.806023 -90731.651226 -110811.622963 -135320.161877 -165229.649087 -201732.014168 -246278.251735 -300641.811911 -366985.880156 -447950.128909 -546755.311309 -667334.125415 -814482.065853 -994055.543467 -1213198.529728 -1480630.043632 -1806988.214561 -2205256.566600 -2691279.067864 -3284392.154410 -4008192.165049 -4891475.396345 -5969383.555196 -7284800.579288 -8890060.004283 -10849027.398750 -13239637.546617 -16157000.995285 -19717181.438397 -24061820.733890 -29363767.718446 -35833957.373576 -43729805.472531 -53365445.701923 -65124229.966572 -79473979.684533 -96985597.242932 -118355783.070362 -144434747.794469 -176260043.979075 -215097839.062450 -262493295.485020 -320332040.778848 -390915192.116280 -477050901.256887 -582166081.996620 -710442743.866366 -866984380.288421 -1058019005.074292 -1291146940.043497 -1575643188.831575 -1922826449.294685 -2346509420.847552 -2863548352.569879 -3494513660.576040 -4264508331.372747 -5204166637.583909 -6350872932.977235 -7750248981.745045 -9457969031.169905 -11541974805.837465 -14085178579.789520 -17188761838.674590 -20976200800.278595 -25598178909.451120

ARIMA | p=1 d=2 q=1 | ar1=0.928 | ma1=0.697
1.351681 4.463835 10.295595 17.903335 25.939752 34.709859 44.887681 56.313591 67.530058 76.347049 81.989059 84.214234 82.060191 74.522143 62.417243 46.638096 26.783314 4.961924 -16.539428 -38.008821 -59.866488 -81.912611 -103.631306 -125.574549 -147.928365 -169.648699 -191.213073 -214.140142 -239.248657 -266.071872 -293.779283 -321.025735 -346.490436 -368.264911 -384.826942 -394.977906 -397.309200 -392.495412 -381.962856 -366.531900 -346.762837 -322.402429 -293.599168 -261.486898 -227.604357 -192.614464 -155.291489 -114.049668 -67.496750 -15.495805 41.069826 103.548972 172.724131 247.772399 327.578905 412.034208 501.301203 596.113114 697.562708 808.050591 928.552778 1059.214019 1199.472737 1348.566929 1507.462773 1677.172191 1857.901533 2048.860089 2249.959140 2461.303602 2681.934960 2910.593823 3147.157129 3394.324391 3655.239231 3929.768812 4216.700624 4514.013387 4820.495058 5137.120078 5463.663667 5800.167698 6146.426409 6500.339194 6858.744442 7220.521000 7584.831177 7950.003557 8315.958953 8681.970527 9048.310464 9415.354893 9783.592298 10152.124943 10519.821020 10884.182992 11243.308640 11595.979676 11941.200396 12278.542420

ARIMA | p=2 d=0 q=0 | ar1=0.512 ar2=0.296
0.826488 0.395353 -0.740334 -1.519833 0.495039 1.643862 0.563045 0.996131 0.702306 0.208715 -0.786313 0.481615 0.905346 1.332556 -0.376001 -1.161418 -0.884644 -0.515019 0.075888 -0.837726 1.356222 1.105356 -1.631712 -0.128310 -0.683819 -2.389698 -2.265751 -0.676238 -1.478000 -1.238997 -0.343535 -2.313132 -1.261113 -2.995581 -2.447097 -3.244612 -2.159922 -2.257068 -2.942417 -2.318120 -3.599749 -2.398386 -2.264424 -1.603527 -2.199907 -1.977374 -0.451415 -1.989468 -2.636687 -0.630377 -0.197302 -0.546903 -0.438244 -1.612662 -1.094495 -1.581604 0.010927 -1.547082 -2.166539 -2.247116 -1.301059 -2.252269 -0.915045 -1.589989 -1.903477 -0.833021 -0.208152 0.646218 0.616781 0.532695 0.588037 0.562280 -1.382923 0.677049 2.132162 0.918928 0.656257 0.686324 0.096647 0.875412 -0.130764 0.534997 1.235575 2.129976 -0.592116 0.910915 0.499905 0.615716 0.432398 -0.318751 -0.769878 0.226294 0.027403 -1.068447 -0.290021 1.049352 1.415697 1.464157 2.412628 3.609245

ARIMA | p=2 d=1 q=2 | ar1=0.547 ar2=0.191 | ma1=0.07 ma2=0.229
-1.822700 -4.193200 -6.953897 -7.731928 -10.097590 -10.730161 -10.370043 -8.758872 -8.594866 -7.382821 -6.578071 -5.107846 -4.070451 -2.754041 -2.231244 -3.685703 -5.025556 -8.618962 -10.562305 -13.904523 -17.777025 -21.838511 -25.096991 -26.909300 -27.472797 -27.518042 -28.647397 -28.696578 -29.889508 -30.038392 -31.990394 -33.864875 -35.538686 -37.791747 -40.982040 -42.180741 -43.259334 -44.750755 -45.306151 -45.528279 -46.985556 -48.309169 -49.867965 -50.677931 -51.872908 -51.996630 -52.268131 -51.063197 -49.775741 -48.155316 -46.456918 -44.719146 -45.056450 -45.571650 -46.413351 -47.214072 -47.848857 -48.789807 -49.407216 -49.755305 -51.177581 -51.553696 -51.045782 -50.538943 -49.215965 -47.183211 -46.910939 -46.687158 -47.898544 -48.005638 -49.254106 -49.518153 -51.146576 -51.324943 -51.093739 -51.248033 -49.125315 -47.196048 -43.355606 -41.482768 -38.620850 -35.755963 -32.486428 -31.025864 -29.766905 -27.844350 -25.627552 -23.292418 -22.397383 -19.791841 -17.372612 -14.610820 -14.096717 -11.262674 -9.599209 -6.954868 -6.021786 -4.003667 -3.325249 -1.408912

ARIMA | p=1 d=1 q=0 | ar1=0.225
0.020164 0.232818 1.251543 1.124266 -0.329450 -1.413168 -1.271853 -1.011529 -1.563434 -1.662532 -1.110685 0.347603 -0.284473 -0.282147 -0.026832 -1.204958 -1.612757 -1.532721 -1.490422 -2.117691 -1.789217 -0.596012 -1.098309 -2.539518 -3.014319 -3.012074 -2.651796 -1.679120 -2.245550 -3.905522 -3.405782 -3.435878 -3.772399 -2.544554 -1.491801 -1.294687 -1.282554 -0.367805 -0.564341 0.515195 0.510848 2.330041 2.395540 2.083999 2.125043 2.609101 2.437958 4.270242 3.958794 2.232079 2.538979 1.901745 0.684597 2.076390 2.063922 0.321340 -1.218704 0.072493 -0.551236 0.315669 1.440696 2.968128 4.569190 5.738257 4.714949 4.366185 5.189218 7.365955 7.729275 7.646768 6.466751 6.439012 5.204706 5.295475 5.759451 5.790892 4.104701 2.719358 3.070422 1.902867 2.092273 2.188558 1.390113 1.536791 1.746501 1.423702 0.923112 1.959309 2.513379 2.659447 2.126190 1.535823 0.338641 2.291797 2.663470 0.750405 0.586880 1.701714 2.774205 2.361383

ARIMA | p=2 d=0 q=0 | ar1=0.837 ar2=0.166
0.806665 -0.262672 0.538753 2.155516 0.527358 0.630772 1.632657 -0.715655 0.703992 0.151909 0.059756 0.779591 2.307243 0.176682 0.766419 1.466123 1.517522 2.123924 1.695579 1.296054 0.718712 0.308044 1.238241 -0.180455 0.415993 2.228242 -0.747594 0.273380 -0.393257 -0.657750 -0.474513 0.517518 0.885744 1.658321 -0.026087 0.948447 -0.082154 0.894052 -0.266610 1.553193 1.223599 -0.172645 -1.403807 -0.616743 0.199904 -0.433234 0.473113 1.425294 1.259264 -0.348789 0.039996 -1.892224 -3.030126 -2.962907 -2.013060 -2.150958 -1.820954 -1.200395 0.429823 -0.497655 0.230904 0.693976 -0.090701 -0.838325 -0.679133 -1.722658 -0.225639 -0.452105 -0.496741 -0.627078 0.697021 -0.222607 2.915370 3.317757 2.443686 3.539781 3.945044 5.186272 4.503483 2.125410 3.131706 2.584557 4.169452 2.824169 3.634023 3.730135 4.357886 3.637682 3.684046 3.832866 3.930173 3.669583 4.243698 4.926175 4.931741 5.992173 4.955056 5.608480 6.308572 5.938200

ARIMA | p=0 d=1 q=1 | ma1=0.078
0.159667 -1.002889 -3.362554 -2.955027 -3.095614 -2.054142 -1.625720 -3.798488 -4.055946 -4.968565 -5.624505 -5.596048 -6.081673 -7.395075 -8.256354 -9.584635 -10.241424 -9.711380 -9.286947 -8.322562 -8.971597 -10.004695 -9.467845 -9.552509 -10.479715 -9.274239 -10.367432 -9.992761 -10.804311 -9.770008 -9.300773 -10.047486 -9.689884 -10.736470 -11.055040 -11.130736 -11.648870 -13.021835 -12.779631 -13.600269 -12.363145 -13.735589 -14.504659 -15.728801 -14.414228 -14.441982 -12.207982 -11.430911 -11.263517 -11.416218 -12.497580 -13.189042 -12.802240 -11.565524 -11.823773 -11.854717 -12.285688 -12.917376 -13.461440 -15.193477 -15.766280 -17.715492 -18.457517 -18.074983 -17.934123 -17.425398 -16.753538 -17.746990 -17.579494 -18.069112 -19.062062 -20.281335 -21.266611 -21.546477 -21.160214 -21.703199 -21.002044 -19.416617 -20.170640 -21.708393 -19.931308 -18.766084 -16.927822 -15.698396 -17.210808 -16.178077 -15.972502 -15.021499 -13.891712 -12.945695 -12.665576 -12.701539 -11.637406 -11.081399 -10.110290 -9.755784 -9.713222 -11.217832 -10.538742 -10.307294

ARIMA | p=0 d=0 q=2 | ma1=0.552 ma2=0.745
-0.497229 0.632137 0.062731 1.036476 0.860276 -0.361014 -1.181854 -1.638815 0.695695 -0.144181 0.829725 0.110833 0.038248 1.012525 -0.706721 0.313373 0.899543 2.631135 1.741252 0.216229 1.227683 1.573642 1.882709 -0.184190 -1.939462 -2.132567 -1.828948 -0.975648 -1.402915 -0.606144 -2.219843 -0.099320 0.056961 0.669721 0.485061 0.831248 3.547330 3.094638 1.998841 -0.694396 0.711061 -0.459353 -0.389947 1.563069 1.463558 2.293682 1.682682 1.623388 0.369954 -0.221929 -1.179205 -0.385319 1.419337 1.192713 0.964303 -0.030436 1.340195 0.628328 0.942231 -0.657914 -0.154363 -1.465714 1.000711 1.889984 2.373928 2.975479 0.614159 2.055458 0.145278 1.521257 -0.682999 -0.217171 -1.070355 -2.396338 0.861883 -0.364359 0.619284 -1.526332 -0.211561 0.799950 2.956194 2.375100 1.893710 2.346175 1.542862 1.757608 -0.463637 -2.167605 -0.120649 -0.519065 0.420404 -0.323174 1.079276 1.328754 1.884131 2.547768 1.077253 1.177647 -0.584107 0.166999

ARIMA | p=1 d=2 q=1 | ar1=0.342 | ma1=0.567
-1.248985 -1.554859 -0.476611 1.078727 4.578567 8.975873 14.188138 20.487537 28.520883 38.655217 50.158855 62.028246 72.386713 82.608659 94.265414 106.710557 119.544204 132.215586 145.790987 160.055689 176.208022 192.801113 210.216700 227.804494 244.649836 259.760031 273.442393 287.472275 301.864138 315.926703 331.065090 347.123694 365.923592 386.726067 408.631418 431.135102 452.771933 473.190691 494.009292 514.901057 534.829736 552.783002 569.238390 586.065477 603.363118 619.692377 635.344460 649.864784 664.532037 680.392956 695.704890 708.577982 718.391109 725.167294 729.979686 733.843293 735.880522 736.788614 737.968844 738.878603 739.451438 740.754933 744.515457 749.365558 754.356030 759.476911 765.980075 774.102445 783.821157 794.937694 807.271301 819.602299 831.237736 842.684015 854.106948 865.495559 876.544094 887.623127 897.198078 905.502974 913.825940 921.831366 929.138045 936.689676 945.025970 953.000167 959.014700 963.359631 966.376973 969.421356 972.059675 973.258352 974.218672 976.258290 980.198490 986.459773 994.029452 1003.535392 1012.788821 1022.278131

ARIMA | p=2 d=1 q=0 | ar1=0.029 ar2=0.45
0.542435 2.035471 1.542616 1.852006 2.931615 3.882954 3.004655 3.801767 5.612928 6.544861 9.140740 9.777204 10.857915 12.394460 14.082355 16.546115 16.923544 18.383086 17.714789 18.662540 16.073901 14.511753 12.374402 10.725055 9.721675 8.500689 10.171042 8.158820 8.056693 7.186126 5.977702 5.379271 6.055736 6.165236 6.854468 6.992007 7.282815 9.634237 8.640120 8.480318 7.802849 8.116383 8.833116 10.215230 9.409717 9.891089 8.985925 9.063814 9.115879 7.694944 6.796907 4.839604 5.892891 5.006263 4.258820 6.854200 6.242437 7.476365 8.013510 8.648805 9.817189 10.471171 10.897545 9.638456 8.650326 7.952781 6.134679 6.651237 5.436308 5.712889 5.229574 5.281647 4.974610 3.706197 3.203070 3.830104 4.188186 3.395838 5.424412 4.934065 4.321637 6.147783 6.704183 7.360228 6.543506 6.442465 5.812296 6.278463 6.184761 7.454143 9.171865 8.141615 9.083229 8.837297 8.425824 7.260220 6.271463 5.877584 5.796748 6.017197

ARIMA | p=1 d=1 q=1 | ar1=0.605 | ma1=0.092
-0.386494 -0.448325 -0.005285 1.271577 2.045112 3.165442 3.899047 4.435208 4.332505 3.813278 2.292431 0.944107 -0.978058 -0.891730 -3.269270 -5.038728 -6.735541 -7.294578 -6.926871 -6.659792 -4.926909 -5.252177 -5.875033 -4.181028 -3.207631 -1.836981 0.813894 2.983798 7.773888 10.096266 13.327120 16.594337 19.421715 21.123843 20.171243 18.606826 19.788472 19.478991 19.028662 18.071361 17.282181 17.213077 16.716908 13.301089 9.440814 6.674113 3.000384 1.273623 0.968639 0.294889 0.224780 1.510200 1.749161 2.633854 2.461289 0.728213 -0.247356 -0.100388 -0.906843 -1.063991 -1.552313 -3.091314 -4.606653 -5.093303 -4.766777 -5.583925 -6.868908 -8.878961 -10.391742 -11.416300 -12.669611 -11.854222 -11.890665 -13.727775 -16.354111 -17.807435 -19.462701 -21.595672 -22.728773 -23.316810 -23.888384 -23.590441 -23.510729 -21.775905 -20.909424 -19.813708 -20.156880 -21.240779 -23.434123 -26.031075 -25.661334 -25.230206 -25.624796 -24.164938 -22.720472 -22.461500 -22.188854 -21.883644 -21.091510 -21.849297

ARIMA | p=1 d=2 q=1 | ar1=0.806 | ma1=0.325
-0.473490 -0.610243 -0.655131 -2.570099 -6.203813 -10.916706 -16.703117 -24.342034 -33.608916 -47.008034 -64.193730 -80.865434 -96.382786 -111.128317 -125.264417 -138.632324 -151.842387 -165.171868 -177.958635 -189.430073 -200.198356 -210.112676 -220.557322 -231.768168 -243.371087 -255.976203 -271.084334 -289.632744 -312.550806 -341.539401 -377.381342 -418.684589 -463.907941 -511.906103 -560.823870 -611.790133 -664.057524 -716.465164 -768.703184 -820.503442 -871.590425 -918.540080 -960.809558 -998.526545 -1034.398206 -1069.288388 -1103.402393 -1134.665879 -1163.271572 -1190.093842 -1216.089577 -1241.956850 -1269.152305 -1299.119995 -1332.578814 -1369.620250 -1410.470680 -1454.668021 -1502.063527 -1552.636961 -1605.079975 -1657.794530 -1709.591622 -1759.374547 -1808.761904 -1858.492792 -1909.120327 -1960.282979 -2011.377218 -2063.379845 -2114.923477 -2165.646753 -2214.565225 -2261.701148 -2306.529658 -2348.783164 -2388.023865 -2425.035553 -2461.060284 -2496.514723 -2531.857015 -2565.415455 -2598.106819 -2631.358806 -2664.034414 -2694.948213 -2724.420120 -2752.558783 -2779.437249 -2804.615746 -2828.522592 -2850.144120 -2869.691985 -2887.638993 -2903.986189 -2918.840624 -2932.258986 -2945.482810 -2960.747947 -2980.478226

ARIMA | p=1 d=0 q=0 | ar1=0.012
-0.046417 -0.296684 -0.013868 0.508202 -2.271984 -0.592959 0.298832 2.734204 -1.248717 0.166305 0.014063 0.461622 0.442566 -0.271683 -0.906909 1.327966 0.675026 0.999383 -0.274632 -0.234663 -1.116029 0.040149 -0.417475 -1.177576 0.016432 -0.344042 0.825645 -1.682361 -0.340220 -1.094139 0.822539 -0.328359 0.017193 0.775029 -0.100177 0.080971 -1.621145 1.405991 0.848064 -0.026384 0.373996 -0.986958 -2.990556 -2.635601 -0.628845 -1.341116 1.203125 1.222697 -1.088317 -0.333118 -1.593818 0.410251 1.131043 -0.069584 -0.857402 -0.150964 -0.343914 0.054693 0.849411 0.572338 -2.347941 1.245154 0.101045 -1.614833 0.001355 -0.920755 -0.688653 -1.941072 -0.351895 -1.529866 0.933834 -0.059504 0.420100 0.245248 -1.224926 2.257287 -0.915920 -0.190957 0.441876 0.499481 0.280969 -0.739076 1.936508 -1.392634 0.973426 0.574979 1.166713 0.111982 0.354718 1.207367 -0.620060 -1.831249 -0.646678 -1.598051 0.349206 -0.333959 1.882873 -0.637615 1.898770 1.283953

ARIMA | p=1 d=0 q=0 | ar1=0.831
-0.818047 -0.171857 -0.192014 0.097237 1.511300 -0.289143 0.210136 0.038128 -0.861165 1.472576 -0.052335 -0.024632 -1.053897 -0.482241 -0.400929 0.889314 -0.374525 -0.177078 1.269486 1.088957 0.915120 0.267815 -0.395811 -1.075867 -2.149297 -2.540529 -3.387432 -3.183138 -3.705209 -2.579962 -3.576834 -4.308756 -4.689020 -4.550479 -4.429743 -3.903113 -1.580685 -1.190489 -0.216802 -0.035670 -0.488652 -0.212352 0.076493 -1.255735 -2.801261 -1.587336 -0.137735 -0.629842 -0.305955 0.258438 0.773952 0.422258 0.846374 0.652248 -0.756424 0.259357 0.285535 0.033632 1.062378 1.725937 2.772758 3.700241 3.487229 1.454953 2.858846 1.390040 0.399092 1.312295 1.079855 0.649072 -0.644933 -0.616253 -0.719423 -0.518502 0.198754 0.965459 0.738403 2.498422 1.817636 0.648869 2.007343 1.328604 1.309854 -1.237852 -0.175269 -2.161504 -0.970239 -1.203013 -2.223098 -0.675711 0.288549 -1.056981 -0.996145 -0.101108 0.383374 -1.011256 -1.775414 -1.938525 -2.514652 -0.350047

ARIMA | p=1 d=0 q=0 | ar1=0.91
0.104847 -1.167698 -0.184004 0.941365 1.217703 2.400251 1.182523 -0.680193 0.204294 1.057744 1.602782 1.387004 1.322294 2.313933 3.582205 2.679506 2.951063 3.058961 3.944678 3.114473 3.841296 5.867272 5.397328 5.274009 5.303138 6.330898 7.488839 7.785759 7.090395 6.673146 5.921011 5.298316 3.361514 3.609261 2.659039 3.450593 3.152912 3.663056 2.876050 1.754731 1.296928 -0.348249 -1.853727 -1.237886 -0.594091 -0.110805 -0.303990 -0.657929 -0.547763 -0.745626 0.005847 1.316747 1.691271 2.184540 0.342518 0.230955 -0.797897 -1.594382 -1.973056 -2.048625 -1.523511 1.123035 -1.196838 -0.306126 -0.963219 -0.179878 2.046062 1.202402 2.995617 1.873748 0.265166 0.308631 -1.555281 0.016560 -0.493844 0.517278 0.095246 -0.744459 -1.866781 -3.158353 -5.177240 -6.122364 -4.082680 -4.341376 -4.379795 -2.793990 -2.789653 -1.776315 -0.066966 -0.194961 -0.281281 -1.280147 -1.271499 -1.094879 -2.256752 -2.900391 -2.667115 -4.341175 -3.685598 -3.325979

ARIMA | p=2 d=1 q=2 | ar1=0.887 ar2=0.198 | ma1=0.511 ma2=0.606
0.795674 0.844055 1.437993 1.287466 -0.557309 -2.862078 -5.740310 -7.292237 -10.102293 -12.942506 -16.044419 -18.346325 -21.014029 -23.418727 -25.215139 -25.890280 -26.704527 -27.780828 -28.471411 -26.563779 -23.636894 -18.164828 -12.348008 -5.326916 3.636675 12.989413 24.758941 37.971068 54.235977 71.229570 89.460359 107.932744 127.314063 148.302895 172.348727 198.857092 227.838144 257.746351 289.386439 325.607468 365.630024 409.677664 456.292797 507.491061 561.993560 620.825243 683.086413 750.799262 823.946624 903.398538 987.259781 1077.807635 1175.973837 1282.486980 1395.329586 1516.827787 1644.604032 1780.951641 1926.474371 2081.642705 2249.129030 2428.696033 2620.962679 2826.359202 3044.932142 3279.664254 3530.659330 3799.848551 4088.332127 4397.069814 4727.990329 5081.891146 5459.867582 5864.160571 6296.365865 6760.684054 7257.898052 7791.190655 8361.735832 8974.455966 9631.875644 10339.019182 11096.539473 11909.872189 12780.587552 13714.091055 14714.432392 15786.535043 16935.632731 18168.910252 19491.415118 20909.813147 22431.218964 24063.098090 25812.738128 27688.731856 29698.122572 31852.025439 34159.970931 36632.989830

ARIMA | p=1 d=2 q=1 | ar1=0.218 | ma1=0.68
-1.142917 -2.021978 -2.337252 -2.037034 -1.055742 -1.343894 -3.517464 -5.733712 -7.324218 -8.167082 -8.511141 -8.440878 -7.607829 -7.830472 -7.683031 -7.696769 -11.312234 -16.875976 -23.080669 -29.190492 -34.982017 -41.065965 -46.884536 -52.613565 -57.911870 -63.319286 -67.982605 -71.883492 -77.269022 -83.401955 -89.175994 -94.588695 -99.869368 -104.609555 -108.389897 -110.742397 -112.154242 -111.533788 -109.911348 -108.102092 -106.461827 -106.360015 -107.703882 -108.427439 -108.014199 -107.293054 -108.872146 -114.922928 -122.000458 -127.290936 -132.289906 -139.473395 -149.030096 -159.731477 -170.423994 -180.554319 -191.029771 -201.115300 -210.101119 -218.157858 -226.289548 -233.909435 -242.327028 -251.922752 -261.919592 -270.997240 -279.585857 -289.333008 -301.886843 -317.169268 -333.552895 -349.157878 -364.184630 -380.192588 -398.241729 -419.363948 -442.112906 -466.524136 -492.241194 -519.175433 -547.537937 -578.293519 -610.159439 -642.278713 -673.732444 -704.867397 -737.456605 -769.726912 -800.591095 -830.798390 -860.092654 -888.225088 -914.526240 -940.618204 -967.842484 -995.655907 -1025.410423 -1057.152908 -1088.421750 -1119.625118

ARIMA | p=0 d=0 q=2 | ma1=0.387 ma2=0.741
-0.203382 -0.375097 -1.881856 -1.296923 -2.967621 -0.664890 -1.534377 0.178667 0.097944 -1.052574 -0.127341 -0.899364 0.726061 0.841204 1.705447 1.547431 0.412709 -0.107323 -0.704352 0.114441 -0.306287 0.123898 -0.022281 0.451027 -0.338766 0.804732 0.375581 1.802663 -0.504229 -0.076181 -1.757611 0.578983 -0.423629 -0.935886 -0.619898 -0.049161 2.694792 1.012933 1.630891 1.452727 0.094243 0.528734 -0.230290 0.532215 1.358052 1.703576 0.411851 1.507533 0.321060 -0.710036 -0.632899 -2.654211 -1.528578 -1.401469 -0.725115 0.165623 2.262005 -0.230990 2.192856 -0.930165 -0.541393 -0.912425 -2.027583 0.097268 -0.939789 0.552619 -0.523443 -1.050462 -0.448751 -0.730418 -0.091481 -1.623924 -1.998411 -3.031613 -2.793538 -0.063188 -2.191492 1.381296 -1.699524 -1.388408 -0.931192 0.016129 -0.240805 0.226265 -1.402889 -0.545805 -0.446289 -0.174333 -0.416586 -1.128908 -0.432419 -1.018014 -0.609600 -0.923710 0.882778 1.063960 0.102923 0.063358 -1.311471 0.968378

ARIMA | p=0 d=1 q=1 | ma1=0.976
0.007794 0.040415 -0.027690 0.227076 0.691555 1.164109 0.325625 -0.047674 1.046584 0.794608 0.127767 -0.497773 -0.992422 -1.201296 -2.905463 -5.259202 -7.723031 -8.706668 -8.566375 -8.562010 -7.142266 -6.306344 -6.435171 -6.554478 -5.423683 -2.639604 -1.310664 -0.804645 0.287289 1.332289 1.946697 0.350701 -1.521472 -1.209970 0.083139 1.084824 1.306579 0.874874 1.599175 4.426306 7.353139 7.442769 7.745777 11.037862 11.845957 10.793587 13.332430 16.871807 19.817181 21.571877 21.027508 19.820021 17.214398 15.116829 14.268989 11.276069 8.978116 9.380659 9.351227 9.796629 9.880895 7.736565 6.396084 7.443589 9.638989 10.021195 10.081609 10.502275 11.658126 12.193366 11.544578 13.188168 14.117792 14.387839 14.861183 13.698213 13.741905 14.710260 12.889561 11.002284 9.221369 9.314057 11.584886 11.717464 12.362990 13.697180 13.952381 12.842005 11.727269 8.950621 6.456836 5.884042 3.155088 0.120138 1.456362 4.711780 5.604492 7.389990 9.398447 9.210042

ARIMA | p=0 d=2 q=2 | ma1=0.198 ma2=0.663
0.772937 1.318540 1.606502 0.816712 -0.485720 -1.291298 -1.980302 -1.734406 -1.165030 0.888678 4.699587 10.280957 16.765857 25.275617 35.804272 47.761239 59.164718 69.929365 79.067775 87.700581 96.486098 105.800691 115.264712 126.134579 137.242710 149.537931 161.713457 173.087957 184.875636 197.195604 209.803107 222.118528 235.216064 248.374486 262.824729 278.339645 294.546315 310.161222 327.079729 345.300584 366.447840 388.916661 412.720412 436.091763 459.818506 482.395358 505.052173 529.033604 553.151887 577.457919 601.332688 626.865369 652.173271 677.565623 702.670186 726.378086 750.447590 773.672845 796.782050 819.165790 844.231713 870.067835 898.057375 925.671903 953.812450 981.577620 1009.426570 1037.671415 1066.449110 1097.924424 1130.583284 1164.146872 1197.918163 1230.812321 1263.554716 1295.796740 1327.350833 1359.260916 1389.215686 1420.533505 1451.338016 1483.773596 1515.955435 1546.824440 1577.183423 1606.585636 1635.472395 1664.453762 1692.759864 1722.177207 1753.026102 1784.977656 1817.541263 1850.998979 1885.745679 1921.207069 1958.546903 1995.596776 2032.276381 2067.978237

ARIMA | p=1 d=1 q=1 | ar1=0.667 | ma1=0.075
-0.715982 -2.964891 -1.822676 -1.342815 -1.933912 -2.911671 -3.825104 -4.553726 -6.209522 -6.502826 -5.334008 -4.489075 -3.447875 -2.908216 -2.226305 -0.765048 0.337692 0.494910 -0.172611 0.219560 -2.030522 -3.499508 -4.093205 -5.029635 -5.850877 -6.094773 -6.081008 -5.513094 -4.207477 -2.596960 0.446854 1.586064 1.623436 1.548361 0.253629 -1.665630 -4.621767 -7.289877 -7.975356 -7.971444 -6.577289 -4.474505 -3.495273 -1.620340 0.196502 3.040896 4.295583 5.337917 6.877671 7.780683 6.701660 5.889835 5.974168 4.076166 2.088869 0.738364 0.762881 1.813792 1.757936 1.734657 1.797863 1.012718 0.690843 1.623463 2.337808 4.077694 6.374246 7.711263 7.167234 5.639582 3.908873 2.496340 0.483142 -0.631204 -1.809699 -1.810360 -3.278701 -4.680046 -5.906270 -6.480446 -8.006039 -10.239539 -12.854370 -15.688044 -17.611959 -18.420253 -19.839379 -21.171245 -22.416420 -24.143752 -25.655452 -26.712882 -24.890669 -25.314858 -26.187663 -26.798410 -27.482428 -26.989132 -27.256401 -26.271967

ARIMA | p=1 d=2 q=1 | ar1=0.03 | ma1=0.128
-1.485515 -3.216350 -5.175052 -6.749448 -7.962351 -9.350418 -11.249289 -12.727812 -13.390733 -12.275583 -9.302063 -6.617779 -4.184969 -2.066055 -0.451809 2.151064 3.428953 5.347654 7.408688 9.499955 13.677124 18.877551 24.197631 28.991099 32.354477 36.839200 40.348130 44.256023 48.851148 52.998994 58.890168 63.777657 67.923296 71.679918 73.674182 75.694307 77.770473 79.709760 79.898951 79.096501 78.303311 77.995575 76.845972 77.406000 77.462490 75.267942 73.581980 72.379563 71.450868 70.630592 70.132627 68.789709 66.378722 64.357938 62.725078 62.170962 63.792671 66.886791 72.301100 78.376413 86.401203 95.857003 105.620345 116.962265 126.989481 136.138863 145.177239 154.037546 162.784299 172.733035 183.169781 193.621217 204.397721 215.738733 229.299368 242.781179 257.956557 273.753693 289.929850 305.424138 320.305440 334.426010 348.106569 363.208762 379.464421 393.814637 406.389586 420.646612 434.531149 447.105931 460.177343 474.935349 490.970195 507.231663 521.470898 535.638103 551.058441 568.149929 585.054548 602.387463

ARIMA | p=2 d=0 q=2 | ar1=0.54 ar2=0.289 | ma1=0.233 ma2=0.18
-0.739331 0.517549 0.142249 -0.592004 -1.028199 0.662027 1.450438 1.134732 0.232237 0.214027 0.689056 0.388138 -0.502873 0.539160 -0.427889 -0.571773 0.605630 -0.684987 -0.942631 -3.618951 -4.119163 -5.609471 -4.266929 -5.012105 -2.164332 -3.225970 -2.424302 -0.721195 0.299696 -0.455996 1.137978 0.624618 0.423640 1.192916 2.403533 4.116127 4.086994 5.082126 2.278762 1.957601 1.124840 2.128784 1.477734 0.747166 1.484249 1.048887 0.896411 1.786042 3.798288 2.995177 3.132206 2.533285 3.963298 1.870900 2.488443 3.080239 1.634183 1.280972 0.871517 3.614449 2.094009 3.556892 5.861458 4.870285 6.596445 5.332271 5.785541 4.059829 4.554536 3.759065 4.890475 2.765199 3.745214 1.596425 1.209303 -0.297272 -0.793784 -2.356661 -1.856645 -2.793687 -2.167801 -4.202455 -3.907981 -3.558826 -3.676460 -3.514319 -2.613401 -2.436122 -2.873492 -2.620372 -1.595718 -0.876115 -1.832211 -1.742517 -3.403679 -2.917511 -2.657813 -1.251141 -0.802057 0.066949

ARIMA | p=1 d=0 q=0 | ar1=0.885
-1.691114 -2.063176 -2.008308 -2.757477 -4.350596 -4.022808 -2.441799 -4.473520 -2.949981 -2.245072 -2.840536 -2.158141 -1.307047 -1.398310 -1.528104 -2.314656 -1.189875 -0.736495 -0.766153 0.592704 2.108210 1.295325 2.044225 3.213363 3.822309 3.604535 1.030141 0.928022 -0.491633 -0.268547 -0.582831 -1.853492 -1.997283 -1.823879 -2.585439 -3.515349 -2.738754 -2.256363 -4.189256 -2.587488 -2.065735 -1.553148 -0.764295 0.482116 0.142728 1.194874 1.984292 2.292797 0.601120 0.113601 -0.150263 -1.124230 -1.611096 -0.505794 -2.149029 -1.608626 -1.833501 -2.274750 -2.734205 -2.278894 -3.882800 -4.391531 -4.946702 -4.636523 -3.485356 -4.534589 -2.910046 -3.788092 -4.946814 -3.031820 -3.133310 -4.613595 -4.357621 -4.941270 -5.381615 -4.695015 -4.651435 -3.069295 -1.474536 -2.254620 -0.716065 -1.891862 -2.078916 -1.281712 -1.275892 -1.316258 -0.646845 -1.342488 -1.814671 -0.207182 1.689819 0.658929 -0.262984 -1.695127 -0.721733 -1.634881 -0.436724 0.215678 0.478618 0.874086

ARIMA | p=0 d=1 q=2 | ma1=0.664 ma2=0.814
1.063173 0.191296 1.292706 0.963542 1.349916 0.735751 0.629403 1.800774 4.234305 3.491606 1.742857 -2.871134 -2.943891 -4.536547 -2.164447 -2.038402 1.156871 1.858797 3.291825 3.140224 4.601327 6.069200 8.424034 9.297132 9.473862 8.758213 6.448804 4.528882 3.353295 3.349224 5.866444 7.000530 8.042144 7.903653 7.314634 6.895240 5.023392 2.202718 -0.666852 -2.490033 -3.666431 -2.564963 -1.172321 1.176387 1.960316 2.660937 0.710095 0.708110 -0.651480 0.935033 1.525053 1.972904 0.891680 0.957233 0.894385 -0.400707 -3.609750 -6.764912 -10.459313 -12.678327 -14.818161 -12.239745 -11.437715 -9.335140 -11.408373 -11.535712 -13.024253 -12.377127 -11.980906 -10.709606 -9.780933 -9.500396 -7.222033 -6.780828 -5.970834 -8.929150 -11.070514 -12.830336 -11.911114 -11.202452 -10.898031 -11.354029 -11.582330 -12.486249 -12.253263 -10.903415 -8.211783 -6.541169 -8.782306 -10.287167 -12.609253 -11.578093 -11.244686 -10.313943 -9.221282 -8.525721 -8.159835 -7.969210 -4.732512 0.952486

ARIMA | p=1 d=0 q=0 | ar1=0.217
0.605936 -2.435758 -1.262372 0.340476 -0.217940 -0.447106 0.560064 1.312795 0.056731 -0.127961 -0.992745 -0.546725 0.409967 0.664044 -0.773818 -0.779611 -0.403392 2.624199 0.942623 -0.742907 1.279330 -0.905672 -2.646366 -1.085539 -0.556570 -0.071411 -1.479978 -0.469396 1.265832 -0.186008 -1.073424 0.258859 -0.134623 0.593430 0.221764 0.617008 1.349380 1.152974 -1.313064 -0.257493 0.487944 -1.155616 -0.616545 0.371581 -0.336566 -0.429254 1.079781 0.091874 -1.812914 -0.030856 -1.007225 -0.195762 -0.657885 0.967343 0.302887 -0.090343 -1.299883 -0.055121 -0.913969 -0.378762 1.035700 -1.180229 1.967605 0.705360 -1.053431 -1.257294 -1.213761 -1.950012 0.170050 2.159317 -0.209184 2.270804 0.153940 -0.051250 1.193059 -0.859885 -1.598118 1.046489 1.988244 0.473751 1.136479 0.604813 0.595435 -0.044584 1.267720 -1.212899 -1.278456 0.996334 -0.018669 0.875247 1.088884 -0.223797 0.971324 -0.771065 -0.382611 -0.249309 -0.183978 1.303798 -0.088140 -0.830124

ARIMA | p=1 d=1 q=1 | ar1=0.594 | ma1=0.514
1.139557 1.702113 1.444602 0.183724 -2.452821 -4.800103 -6.528931 -7.817341 -8.311910 -9.996002 -12.583045 -13.451852 -13.456960 -14.964388 -14.928155 -14.348836 -12.901460 -12.128184 -11.637046 -10.066830 -9.300688 -9.008340 -10.530105 -11.703712 -11.407615 -10.354557 -11.537723 -14.444824 -18.792352 -22.697978 -25.916662 -28.993533 -32.674816 -36.186672 -37.304021 -36.012938 -34.779259 -34.943353 -36.376394 -37.027398 -37.232814 -38.847621 -39.475810 -39.030301 -40.118374 -42.310361 -42.183608 -40.846294 -41.358036 -41.491299 -40.864877 -39.391160 -36.800947 -33.875552 -32.527856 -32.534101 -31.994763 -31.421758 -31.084909 -30.831572 -30.734527 -30.571887 -29.626902 -30.050729 -30.781162 -32.392653 -33.040376 -31.914924 -29.586591 -27.787339 -26.758924 -25.077149 -24.121939 -22.663085 -22.466024 -22.970134 -23.270621 -21.586187 -18.548471 -16.056477 -15.249604 -15.335741 -15.156104 -14.315959 -12.406709 -9.869025 -8.142757 -7.197202 -7.108791 -6.471165 -7.548947 -8.397773 -9.315041 -10.594716 -11.305616 -11.377959 -13.139373 -15.087084 -15.771821 -15.930898

ARIMA | p=2 d=0 q=2 | ar1=0.028 ar2=0.243 | ma1=0.847 ma2=0.697
-0.751053 -0.394851 1.306541 0.659527 -0.764197 -1.786003 -0.064366 0.446587 1.494793 1.281635 1.822794 0.143022 -1.182084 -2.100183 -0.112852 -1.291341 0.582197 -1.864226 -0.777661 -2.715408 -0.709263 0.471232 0.059542 1.095973 0.890055 3.118283 2.349211 1.798280 2.008485 2.594700 3.058416 1.513053 1.472609 1.035710 1.659529 0.550335 1.311269 0.394112 0.998012 0.506287 -1.016554 -0.563172 -0.072912 0.781922 0.470833 -0.637982 -1.435340 0.061903 -0.565977 0.908692 0.249913 1.695997 1.426487 1.794290 0.059567 0.603323 0.713349 1.532759 0.332582 -0.730564 -2.004007 -1.981558 -1.603383 -1.602432 -0.864752 -0.551609 -0.556166 -0.912528 -1.448560 -0.804542 -1.891829 2.223115 1.089397 2.389154 0.286911 2.736297 2.452123 3.333435 2.228516 2.645388 -0.644118 1.563925 0.162569 2.245670 -0.771301 0.237768 -1.159230 -0.390747 -1.418751 -1.152642 -1.322048 -2.428874 -1.485937 -1.841042 -0.915373 -1.491572 -0.720302 -1.590120 0.744951 0.183455

ARIMA | p=1 d=2 q=1 | ar1=0.28 | ma1=0.363
0.438129 2.569947 4.473472 5.642671 7.032814 8.970946 11.218285 12.146670 11.808058 11.231650 10.612546 10.763366 10.393093 10.090696 8.845914 7.095903 7.521537 8.676044 10.304104 10.763467 11.440559 12.546009 15.137107 20.395181 27.435373 35.710434 44.310197 52.724086 60.316624 67.581591 76.604446 87.263062 99.088943 111.834636 124.186838 137.214072 152.925622 170.935440 191.465463 211.206891 230.269592 249.173693 267.838525 287.466399 309.120309 330.856771 351.800129 372.899198 394.463371 414.999521 433.451728 448.908340 463.842552 477.132519 488.827836 498.526038 506.432367 514.357649 522.205689 531.659859 542.525562 556.094464 571.910471 589.584945 607.661811 625.757305 643.276138 660.935498 678.426742 696.094747 713.056745 729.561600 747.316887 764.583641 781.692574 797.475583 812.272029 826.614597 840.160847 852.951280 864.462042 875.561811 888.456925 903.354468 920.227460 936.900891 950.332710 962.693662 976.074766 990.215339 1005.577961 1021.271372 1034.238831 1046.617810 1061.493776 1078.854590 1097.319881 1117.093931 1136.533968 1153.150450

ARIMA | p=2 d=1 q=0 | ar1=0.649 ar2=0.082
2.613392 3.934566 4.308121 3.969967 4.557103 5.680970 9.038712 10.923613 12.294027 13.050854 12.477239 13.248768 14.661024 15.724825 16.017866 16.328808 17.254041 17.843954 18.722828 18.149208 18.944631 18.616838 20.194528 20.088784 19.465436 18.486533 17.438393 17.347418 16.472434 16.796488 17.531194 17.431755 16.718065 15.155022 15.213414 15.086075 16.658365 17.016810 17.254776 17.504964 18.065768 17.339193 16.260754 16.381290 15.848544 15.627081 15.031122 14.001141 14.039666 14.038833 13.800962 12.965160 13.877332 14.966670 15.010305 18.102043 20.281127 22.113705 23.601308 25.829469 27.804971 29.187993 30.144581 30.525824 30.638237 31.281430 30.934793 30.375763 29.928256 28.245738 28.645739 28.388622 28.201969 27.957846 27.877956 26.608423 26.671926 26.365300 24.670441 23.940453 23.066487 23.228644 23.253319 22.776305 19.826903 18.856485 19.240699 20.098274 19.688933 22.071544 23.918745 26.017034 28.544720 29.874851 31.867161 35.930826 38.404781 40.314533 41.423172 42.339656

ARIMA | p=2 d=1 q=2 | ar1=0.643 ar2=0.088 | ma1=0.716 ma2=0.725
-1.343673 -3.571035 -6.214809 -8.504888 -10.037296 -8.882634 -6.844071 -3.954784 -0.633833 4.248048 9.029756 12.246412 13.431004 13.951417 13.256328 12.585989 12.795727 12.935226 14.203962 15.717162 17.184565 17.835752 18.026540 20.293478 21.784084 23.026153 22.074985 22.993958 23.935509 25.379291 26.079873 28.250391 31.366079 36.369946 41.737187 45.854097 50.103065 53.936670 57.614408 59.908808 59.761728 57.953297 54.223550 52.346851 51.613341 52.627665 53.587621 53.713396 53.005524 52.555276 50.605307 49.066921 47.199167 45.785150 44.438118 43.731292 43.122226 40.242171 37.173868 35.192068 34.841296 37.187712 39.601972 42.879390 48.130763 53.143197 58.517450 63.246408 67.909633 73.780481 79.507203 86.606358 93.216022 99.103666 104.203131 109.373760 112.522482 114.318389 116.071010 117.923282 120.446806 121.926035 125.609250 127.655628 130.111140 131.605818 134.106313 135.817471 136.428072 135.781697 134.920569 133.819449 133.172597 131.879134 130.682748 130.158894 129.964398 129.945466 130.813508 133.106315

ARIMA | p=0 d=0 q=1 | ma1=0.16
1.217124 0.084250 0.768729 -1.059496 0.939814 1.469702 -0.193756 -1.434706 -0.300436 0.030174 2.046948 1.093752 0.041224 1.809947 0.314836 -0.442092 -0.320315 1.573511 0.515988 0.765360 -0.335943 0.807719 -0.887467 -0.662372 -0.081202 -1.329178 -1.573962 -1.356123 0.111109 1.573716 -1.899803 -2.302062 -1.541194 0.414099 0.095652 -0.743981 0.721262 -0.903202 0.220545 1.614590 -2.122393 0.053859 0.140503 0.376970 0.738857 0.442667 -0.564244 -0.430351 -0.068680 0.321267 0.280885 0.339773 -0.318329 -0.038835 -0.063057 -0.041348 1.836738 -0.676509 0.555158 -1.086858 0.788974 1.154924 -1.513342 -1.280882 -1.341597 0.093228 -2.021638 -0.111537 0.674093 1.172190 1.152793 1.282596 -0.374955 0.120888 -0.291779 -0.240061 -0.321271 0.478179 -0.400088 -0.834139 1.662898 0.273004 -0.075263 0.243613 0.325623 -1.154226 -0.914928 0.310157 -0.295951 0.137298 0.767911 1.961909 1.012782 -1.889441 -2.110631 -0.045072 0.809356 0.846348 0.535641 1.057636

ARIMA | p=0 d=0 q=2 | ma1=0.407 ma2=0.606
0.374567 0.040004 0.397145 -0.143524 -0.613554 0.542381 -0.001401 0.951614 -0.500009 1.022342 -0.185750 1.184935 -0.837022 1.334686 -0.787955 1.027151 1.698231 0.637638 2.646305 0.461575 0.205352 -0.987879 -2.675862 -1.569219 -1.264022 0.600857 0.278399 -1.146394 0.447903 -0.357097 -0.136669 -0.228330 -1.607562 -0.313019 -2.196929 -1.662518 0.058334 -0.792212 0.599358 -0.016443 -0.662859 0.332340 -2.832807 -0.503599 -2.598343 -0.785033 -0.984440 -0.012298 -0.605192 0.171552 -0.188956 0.301873 -0.575814 0.687450 -0.335177 0.961916 -0.941028 0.015529 -1.207409 0.298822 1.323350 1.698667 -1.037434 -1.662339 -2.860907 -1.020279 -0.001862 -0.331985 -0.570708 -0.904057 -0.848970 -1.126192 -1.066868 -3.680910 -2.412659 -1.702190 -0.546133 1.359088 2.227445 3.318076 1.620438 1.197595 -1.522999 -1.115847 -3.074136 -1.490793 -1.895379 -1.821359 0.362321 0.067757 0.654992 0.876975 1.847077 0.498088 -0.047091 -0.266039 2.181921 1.149270 -0.760764 -0.126794

ARIMA | p=2 d=0 q=2 | ar1=0.352 ar2=0.668 | ma1=0.658 ma2=0.841
-1.203423 -1.431119 -0.975567 -0.119132 1.088390 0.158478 1.860270 0.023603 -0.295694 -0.486550 -2.836278 0.686870 -0.092930 4.359427 3.953288 6.011188 6.543253 7.443038 8.105120 8.620391 8.596479 9.025457 7.039721 7.291089 6.248467 7.563450 6.821616 7.962249 7.023591 9.012834 8.233778 8.348179 6.699294 5.281344 5.529636 7.929866 8.383545 9.437680 6.469167 6.204037 6.239119 7.763513 8.076291 9.530580 9.102088 9.764929 9.678115 10.012586 10.104089 10.101824 10.330133 9.745931 10.539371 10.346747 10.953632 9.751426 11.920070 11.607367 13.984387 13.852634 14.132518 13.510068 12.494222 12.253719 11.275519 10.588118 10.174921 10.378139 11.452181 11.855360 11.914689 13.424572 13.461812 14.606314 13.590802 12.173820 12.993531 11.897332 13.460697 10.855697 13.087140 12.322448 12.818586 11.923453 12.756479 12.537260 13.654431 11.911034 12.206205 11.712827 12.169575 12.365663 13.672870 10.087761 10.611331 7.455970 8.834793 7.870788 7.938847 6.954414

ARIMA | p=1 d=2 q=0 | ar1=0.635
-0.715189 -0.958710 -2.027359 -2.240274 0.498153 4.279366 7.517456 11.427823 16.940238 23.916030 31.611969 40.774822 51.207940 63.102508 75.991946 89.921295 104.911646 121.411293 137.601403 153.320973 169.280588 185.321311 203.008017 222.663691 242.883080 262.097327 280.583489 299.165159 317.794580 335.659444 353.053588 369.967552 385.427011 399.493560 412.184820 423.450489 434.681956 445.862464 456.375060 466.320600 475.197589 482.340871 487.219410 491.496233 495.306908 498.821070 502.348406 505.445139 509.437626 514.494425 521.779407 529.301037 536.481774 542.567374 548.433459 553.312737 557.644918 562.119648 566.296654 568.466378 570.448367 573.572020 576.116740 577.528866 578.065877 578.086293 577.377572 576.552517 575.106067 571.678726 566.145604 559.640871 553.214906 545.959636 537.422573 527.797838 518.501866 509.417064 502.371054 496.509010 490.806499 484.886328 478.072017 471.061694 464.201874 458.715509 456.071733 454.652252 454.861763 455.362308 454.802329 452.963688 450.610635 447.985744 444.980447 441.095267 435.716568 429.352770 422.118508 416.290954

ARIMA | p=1 d=2 q=1 | ar1=0.955 | ma1=0.136
1.269322 3.566239 6.170070 9.641581 14.917465 20.438766 26.174853 31.564601 35.133561 34.905602 32.172341 27.220211 21.494085 16.648487 12.400365 7.249602 1.734263 -3.504300 -8.827545 -12.781136 -16.141761 -19.800392 -23.814286 -28.069177 -34.098826 -42.193761 -52.230915 -65.311867 -82.876185 -105.735151 -134.611272 -168.143861 -203.226492 -238.939035 -276.954270 -315.888811 -354.165379 -393.293071 -434.199614 -477.171223 -523.653293 -573.523304 -628.289523 -687.293745 -749.619719 -814.670486 -882.446406 -953.668320 -1027.526953 -1103.502136 -1182.753531 -1265.439014 -1351.216614 -1441.961533 -1538.636351 -1641.471918 -1751.351265 -1867.812109 -1990.008321 -2118.082880 -2252.159980 -2391.314627 -2534.276393 -2680.973126 -2832.357259 -2988.137771 -3148.260925 -3313.742826 -3483.526003 -3657.491105 -3834.166521 -4013.652410 -4196.303295 -4380.946082 -4566.672380 -4752.080130 -4938.065015 -5125.099083 -5313.032866 -5502.512310 -5693.724308 -5886.163863 -6080.547312 -6277.513765 -6476.214620 -6674.959206 -6874.255733 -7075.811378 -7279.479710 -7486.442476 -7698.731903 -7916.726597 -8140.156432 -8369.330597 -8602.037402 -8838.038852 -9076.493749 -9318.325367 -9562.623369 -9809.218436

ARIMA | p=0 d=0 q=1 | ma1=0.209
0.615051 -0.960926 -0.889623 0.693401 0.103648 1.338744 2.020912 0.631019 -0.002234 -0.808383 0.949956 0.348604 -0.331491 -0.668834 0.629576 0.834322 -0.284837 -2.173253 1.266975 -0.905740 0.722227 -0.528047 0.692242 0.543029 1.336219 -0.368308 -0.416421 -0.513239 1.744137 -0.283845 -1.522722 0.131882 0.185716 -0.883457 -1.252413 -1.590718 -0.790151 0.540464 -0.880434 -1.109303 -0.970180 -0.978162 0.440634 0.527275 -0.755364 0.952749 -1.127864 -1.405910 -0.527503 -0.034399 0.124008 2.224680 2.636198 2.543179 1.121606 0.495791 0.555112 0.476671 0.584824 -1.112659 -2.285017 -2.396547 -1.970954 -0.401153 -0.088499 -1.120955 -1.521620 -0.866012 -0.014056 -0.004574 -0.343192 -0.960251 -0.726132 -0.606134 -1.205715 0.413665 2.212487 0.006336 -0.534856 -1.157505 0.697002 0.788232 1.121396 1.751827 0.692929 1.016068 0.250566 0.638517 -1.778611 -1.336571 -2.282354 0.383518 1.016607 0.636468 -0.508614 -0.717575 -0.126995 0.208077 -0.851078 0.443197

ARIMA | p=2 d=2 q=2 | ar1=0.706 ar2=0.323 | ma1=0.873 ma2=0.209
0.420314 2.198159 7.903310 21.343704 44.271383 78.166175 122.385691 176.232224 240.033527 313.809486 397.875010 491.224750 594.428873 709.642361 839.696158 984.993651 1146.203881 1324.003903 1519.805406 1734.367617 1967.966107 2222.235484 2499.302492 2801.741102 3131.950162 3491.582931 3880.939191 4300.638014 4752.395560 5237.423044 5756.522202 6309.650139 6898.131857 7525.238035 8193.178128 8903.761614 9660.126378 10464.211854 11316.205031 12217.932897 13170.163419 14174.123770 15232.049871 16345.185079 17515.466989 18745.320098 20037.431419 21393.408371 22815.270372 24305.376665 25866.625227 27502.168575 29214.968692 31007.589053 32881.059458 34834.863265 36870.505821 38988.806100 41190.899035 43477.458373 45847.971945 48303.932898 50847.111581 53479.625500 56202.367512 59016.941299 61925.277250 64930.624884 68034.523857 71239.645487 74548.023716 77961.148346 81480.298329 85107.098959 88843.734455 92693.798012 96658.453822 100739.204150 104938.060616 109257.590597 113700.536049 118269.948533 122968.189349 127799.052229 132764.579670 137866.667720 143106.618087 148483.789983 154000.503363 159660.570023 165468.391745 171428.407077 177544.840563 183822.093511 190264.227968 196873.597750 203651.962638 210602.935659 217730.067840 225037.107389

ARIMA | p=2 d=2 q=0 | ar1=0.985 ar2=0.601
-0.336815 -1.691828 -4.334508 -8.193497 -13.914232 -21.370412 -33.964533 -52.268446 -80.122588 -120.732650 -180.220074 -265.964327 -389.204942 -565.461291 -814.128953 -1167.382133 -1665.772651 -2371.004974 -3366.436521 -4771.116889 -6753.176514 -9549.387505 -13495.791853 -19062.860077 -26918.430455 -38003.241193 -53645.015543 -75716.826884 -106860.734440 -150804.712475 -212810.300935 -300303.152116 -423755.480456 -597946.625623 -843727.467766 -1190520.358839 -1679834.776853 -2370240.875615 -3344378.551296 -4718847.934889 -6658165.958947 -9394458.043252 -13255243.588552 -18702635.896373 -26388656.310583 -37233275.919501 -52534530.612967 -74123888.924624 -104585467.448068 -147565333.587344 -208207917.632529 -293771768.836433 -414498360.357748 -584837932.940531 -825179099.711284 -1164289238.675255 -1642757773.407281 -2317854479.309310 -3270384330.844575 -4614359360.202510 -6510645209.638407 -9186215768.071580 -12961320567.540787 -18287816704.878178 -25803253387.892532 -36407182703.455330 -51368830529.830990 -72479015160.762420 -102264497369.407870 -144290418311.281200 -203587025249.243900 -287251761572.876040 -405298787624.769530 -571857614821.129300 -806864322272.728800 -1138447784263.842300 -1606296525509.164000 -2266409196298.145500 -3197797270518.540000 -4511942238775.480000 -6366139265119.717000 -8982324461995.264000 -12673639293754.027000 -17881911706361.645000 -25230540246671.254000 -35599111078857.300000 -50228679101291.690000 -70870314673538.840000 -99994696093690.140000 -141087834771463.300000 -199068329602583.250000 -280876093356580.250000 -396303018047772.200000 -559165004884751.500000 -788955643658584.900000 -1113179476939838.200000 -1570644126624950.000000 -2216105330366821.000000 -3126820870513319.500000 -4411797861006488.000000

ARIMA | p=2 d=0 q=2 | ar1=0.462 ar2=0.939 | ma1=0.023 ma2=0.637
1.132697 0.619466 3.045270 2.201097 5.812371 4.779101 9.676702 7.182857 13.524169 11.696860 18.789125 20.678933 28.501111 34.454485 42.672840 52.779371 64.946338 76.624503 96.579219 115.616954 145.321969 175.190867 217.578403 264.000092 325.168469 397.147607 488.003269 597.855337 733.009202 899.732228 1103.566716 1356.305752 1662.900987 2041.358977 2503.761131 3074.805889 3773.553386 4632.621388 5686.247573 6979.396691 8563.262571 10510.450891 12896.095260 15828.272376 19423.179044 23838.858495 29253.591102 35900.502605 44055.846885 54063.099353 66345.015611 81414.723164 99908.913195 122602.661019 150456.088285 184633.305228 226580.665724 278052.398435 341221.713882 418737.970967 513866.383723 630601.855988 773860.404624 949658.080882 1165398.565449 1430142.734856 1755034.472082 2153730.600331 2643000.289354 3243419.542311 3980238.122739 4884440.853745 5994055.929529 7355744.035158 9026771.945536 11077412.263866 13593903.728847 16682073.351816 20471792.851585 25122435.204307 30829578.212171 37833231.232345 46427928.515457 56975104.988078 69918324.738111 85801887.273957 105293779.253554 129213696.409730 158567586.881072 194589885.082322 238795494.753218 293043418.586349 359615030.243456 441309912.569716 541563692.124042 664592433.708879 815570012.076482 1000845640.358862 1228210927.854765 1507227504.174403

ARIMA | p=2 d=1 q=0 | ar1=0.338 ar2=0.201
0.620959 0.716138 2.029632 2.661792 4.218081 4.651118 5.568476 6.436293 6.260609 6.018835 6.132310 4.916496 3.980528 3.050455 2.459083 4.865198 5.447628 6.080501 7.698831 8.188412 10.523090 11.567656 12.304881 12.822081 12.851632 13.438777 14.129237 13.355798 14.692526 14.543260 14.467184 13.314808 14.569210 13.814068 14.785809 14.756496 14.794079 14.026158 11.832257 10.761105 8.969656 9.166123 8.952098 9.467284 8.728467 10.334308 10.725388 10.878493 10.227837 11.034980 10.360482 11.443006 13.549988 14.960184 15.416663 14.664900 14.964921 13.781654 14.854604 15.977393 15.941000 15.145648 12.888740 14.014691 14.366141 15.491424 15.996515 15.412701 15.269902 14.203749 15.474169 14.974703 15.207271 16.064206 16.675246 16.679185 16.965107 17.529395 19.130683 20.798063 21.476501 20.743122 20.453380 18.519141 18.573618 17.323217 16.728944 18.339885 18.172694 18.712056 18.387353 18.651347 18.449074 18.481091 19.285176 19.111910 19.160543 20.398922 21.769345 22.817963

ARIMA | p=0 d=0 q=1 | ma1=0.136
-0.220141 0.836507 0.940695 -0.501340 1.139519 0.833488 1.131608 1.637525 1.996130 1.150175 -0.492632 -0.568243 -0.852984 -1.632548 0.537595 1.941922 -0.590700 0.437584 -2.257462 -1.162907 2.039739 1.613225 -0.997016 -0.918200 -1.038233 -0.486874 -0.417113 0.089075 1.496509 -1.110775 -0.412101 -0.636483 -0.327723 0.190947 0.179744 -0.571312 -0.020326 -0.414148 0.083679 0.393338 -0.704480 -1.102417 -1.911042 -1.629995 -2.330550 -0.703273 -0.103466 -2.043585 -0.266388 1.320719 -0.055679 3.255270 -0.670681 -1.203761 0.279669 0.092433 0.243311 0.299369 -1.594974 -1.480432 -0.792970 0.992756 0.371783 0.385064 -1.214433 0.631652 0.825968 -0.245518 0.871010 0.159201 -0.026948 0.516452 -0.915144 0.028591 -0.508124 2.669024 -1.120408 -1.528549 0.075898 -0.993407 0.124341 -1.146957 -0.534715 -0.747691 -0.062885 2.241127 0.711402 0.386279 1.105370 1.066861 -1.604637 0.051648 1.192423 -0.676896 0.443790 -1.495191 -0.033014 -1.380256 0.017299 1.165983